values:
    avg: 0.003229868919789807
    min: 0.0
    max: 0.02603704463027945
    med: 0.002110574319660885
    p90: 0.008013688692708909
    p95: 0.010101017822604752
    p99: 0.013638651151231418
    time-ms: 543.3202546
    invalid-values: false
