values:
    avg: 0.008267237283849630
    min: 0.000000001442700293
    max: 39.458876683871984881
    med: 0.001128561693918395
    p90: 0.004109130973116271
    p95: 0.005276075981944794
    p99: 0.110235146580059062
    time-ms: 2869.104312600000412203
    invalid-values: true
