values:
    avg: 8.894612449430051e-08
    min: 3.3306690738754696e-16
    max: 7.073744344499033e-06
    med: 1.5695404420590364e-08
    p90: 1.8268558621414854e-07
    p95: 3.6741125930550567e-07
    p99: 1.43778298844488e-06
    time-ms: 397436.583166
    peak-memory-mb: 234690
    invalid-values: false
