values:
    avg: 0.4455559746793856
    min: 0.0
    max: 0.8023710570542273
    med: 0.46738317342566765
    p90: 0.720103314947131
    p95: 0.7554471398730853
    p99: 0.7913405210832214
    time-ms: 30.6290814
    invalid-values: false
