values:
    avg: 0.049692948272467216
    min: 0.000000032484943846
    max: 110.285372949720141378
    med: 0.003557447350587162
    p90: 0.013941430769348839
    p95: 0.062943926832231739
    p99: 1.017737403199474144
    time-ms: 331.067497600000024249
    invalid-values: true
