values:
    avg: 0.4732463876787396
    min: 0.0
    max: 0.8024353281066785
    med: 0.49825722634055847
    p90: 0.7205795250298734
    p95: 0.7547106135614827
    p99: 0.7915860746941117
    time-ms: 545.524369
    invalid-values: false
