values:
    avg: 6.90296940541067e-05
    min: 0.0
    max: 0.00224245212612606
    med: 2.6122173498011048e-05
    p90: 0.0001764555017023106
    p95: 0.00029129794245874585
    p99: 0.0006079224410597828
    time-ms: 1495.229746
    invalid-values: false
