values:
    avg: 0.018375722690275344
    min: 0.000000007347068176
    max: 45.262387053199056197
    med: 0.001932651136307029
    p90: 0.008497412496161316
    p95: 0.077531126329734246
    p99: 0.369424157918985641
    time-ms: 280.050816699999984394
    invalid-values: true
