values:
    avg: 0.002314259020988063
    min: 0.000000000000000000
    max: 0.868544502606708457
    med: 0.000443416157599574
    p90: 0.001826357879597729
    p95: 0.002541248352243675
    p99: 0.026043196327460133
    time-ms: 715.426777200000060475
    invalid-values: false
