values:
    avg: 0.0017361010035402853
    min: 0.0
    max: 0.00965972514757163
    med: 0.001154475356415774
    p90: 0.004256037593557527
    p95: 0.005206395002563036
    p99: 0.007067054262243522
    time-ms: 8.3399453
    invalid-values: false
