values:
    avg: 0.004679926389049721
    min: 0.0
    max: 0.029319891271158083
    med: 0.0031180057506998704
    p90: 0.011525374177961623
    p95: 0.014494346759921395
    p99: 0.019478051948978448
    time-ms: 61.72715720000001
    invalid-values: false
