values:
    avg: 0.0005489918775933479
    min: 0.0
    max: 0.005170390297253524
    med: 0.0003205853512946444
    p90: 0.0014935803253189883
    p95: 0.0019145421830828457
    p99: 0.002647500955629045
    time-ms: 10438.4086227
    invalid-values: false
