values:
    avg: 0.0017398287095912505
    min: 0.0
    max: 0.011805816438386518
    med: 0.0011785020080600228
    p90: 0.004164080721323127
    p95: 0.005167371564932188
    p99: 0.006885923662409421
    time-ms: 593.744397
    invalid-values: false
