values:
    avg: 0.0015570243827394803
    min: 0.0
    max: 0.01180530991604889
    med: 0.0009978277682446968
    p90: 0.003965553540197342
    p95: 0.005002070973250006
    p99: 0.006787104041224734
    time-ms: 2399.3159588
    invalid-values: false
