values:
    avg: 0.002123130687996316
    min: 0.000000055424390077
    max: 0.603832848970887404
    med: 0.000402044447673222
    p90: 0.001618448033150810
    p95: 0.002278840004136140
    p99: 0.030398607332809857
    time-ms: 206.349560199999984889
    invalid-values: false
