values:
    avg: 0.043206647940180365
    min: 0.000000063086546098
    max: 19.874250099149961102
    med: 0.002955959839670619
    p90: 0.019387034975126616
    p95: 0.198024689177022706
    p99: 0.953033178708672324
    time-ms: 338.860565099999973881
    invalid-values: true
