values:
    avg: 0.41256044339798187
    min: 0.0
    max: 0.8024490493238767
    med: 0.4164134368099228
    p90: 0.7195478837131735
    p95: 0.7543634797325626
    p99: 0.7914120362598784
    time-ms: 10453.114156700001
    invalid-values: false
