values:
    avg: 0.007623127411942651
    min: 0.000000002618850081
    max: 138.692844681141167484
    med: 0.000848375088416509
    p90: 0.003286621790805688
    p95: 0.004647453513462962
    p99: 0.128729081866928274
    time-ms: 3078.935095699999692442
    invalid-values: true
