values:
    avg: 8.681341325385109e-05
    min: 0.0
    max: 0.0055574275207332935
    med: 2.4983940477535382e-05
    p90: 0.0001792326047476145
    p95: 0.00031645511175770746
    p99: 0.0009617712124780908
    time-ms: 88.724028
    invalid-values: false
