values:
    avg: 0.000890821256160202
    min: 0.0
    max: 0.009058605798767438
    med: 0.0003493330175677878
    p90: 0.0025074649159239626
    p95: 0.003775077344222666
    p99: 0.006264204282689034
    time-ms: 172.563432
    invalid-values: false
