values:
    avg: 0.001877049712302616
    min: 0.000000000030063230
    max: 8.696505188601234337
    med: 0.000317671700536537
    p90: 0.001191021618169752
    p95: 0.001569236133516672
    p99: 0.012321929004502963
    time-ms: 13693.399361400000998401
    invalid-values: true
