values:
    avg: 0.006378810527198386
    min: 0.000000092967601450
    max: 1.487520692372261255
    med: 0.000538352329195801
    p90: 0.002393442189113915
    p95: 0.003835177271041768
    p99: 0.160007473322313798
    time-ms: 75.597853399999991098
    invalid-values: true
