values:
    avg: 0.0034375656146906387
    min: 0.0
    max: 0.02603704463027945
    med: 0.0023130456861514825
    p90: 0.008223851192446008
    p95: 0.010284510449123041
    p99: 0.013819438053341626
    time-ms: 4.3589519
    invalid-values: false
