values:
    avg: 0.005278905174620775
    min: 0.000000052709012044
    max: 2.113144445922080727
    med: 0.000646152484072487
    p90: 0.002683756317849340
    p95: 0.003855534619043754
    p99: 0.109930259639913985
    time-ms: 196.582309700000024577
    invalid-values: true
