values:
    avg: 1.0714186038715563e-05
    min: 0.0
    max: 0.0004889562674758319
    med: 1.957140968067428e-06
    p90: 2.596651051767207e-05
    p95: 4.897639718043356e-05
    p99: 0.00013960826943287818
    time-ms: 11304.430561
    peak-memory-mb: 9600
    invalid-values: false
