values:
    avg: 0.001518633711822554
    min: 0.0
    max: 0.00965972514757163
    med: 0.0009368003269612513
    p90: 0.004016880944614054
    p95: 0.005056511157527699
    p99: 0.006946163146921869
    time-ms: 34.0323983
    invalid-values: false
