values:
    avg: 0.0007009628284416836
    min: 0.0
    max: 0.005170390297253524
    med: 0.00047294048965329516
    p90: 0.0016843932883394142
    p95: 0.002079629442192643
    p99: 0.0027573766318600423
    time-ms: 1360.6036184999998
    invalid-values: false
