values:
    avg: 0.0017398289419168751
    min: 0.0
    max: 0.01180530991604889
    med: 0.001178488154102042
    p90: 0.004164031552348013
    p95: 0.005167178224247948
    p99: 0.006885808440863006
    time-ms: 212.6294784
    invalid-values: false
