values:
    avg: 9.23656763399411e-06
    min: 0.0
    max: 0.00045579885788760155
    med: 1.7661340077079757e-06
    p90: 2.1708072619808227e-05
    p95: 3.805465791550944e-05
    p99: 0.00012337435912745942
    time-ms: 808.963664
    invalid-values: false
