values:
    avg: 3.80953548309441e-08
    min: 0.0
    max: 8.658721054821683e-06
    med: 1.6008094072539336e-08
    p90: 9.024832337001243e-08
    p95: 1.357094183696006e-07
    p99: 3.144133455812437e-07
    time-ms: 6702.88349
    invalid-values: false
