values:
    avg: 0.00015599082523220047
    min: 0.0
    max: 0.0018316781695171258
    med: 7.943946380439826e-05
    p90: 0.00038515547121853455
    p95: 0.0006015536642646202
    p99: 0.0011194734602202328
    time-ms: 231.099138
    peak-memory-mb: 143
    invalid-values: false
