values:
    avg: 0.0002605289843331489
    min: 0.0
    max: 0.009570676335960648
    med: 0.0001111671123167346
    p90: 0.0006789700185678704
    p95: 0.00098083849480457
    p99: 0.0020169514291221713
    time-ms: 549.4611991
    invalid-values: false
