values:
    avg: 1.7881601419874941e-06
    min: 0.0
    max: 4.5965286441518316e-05
    med: 8.509126184774729e-07
    p90: 4.406563117509421e-06
    p95: 6.529653494236065e-06
    p99: 1.341290806766704e-05
    time-ms: 1667.94938
    peak-memory-mb: 917
    invalid-values: false
