values:
    avg: 0.004928388378746071
    min: 0.0
    max: 0.029319891271158083
    med: 0.003364841313875211
    p90: 0.011758784764360042
    p95: 0.014736348378156627
    p99: 0.019626882285874725
    time-ms: 2.4876242
    invalid-values: false
