values:
    avg: 0.0007009630261167478
    min: 0.0
    max: 0.005170473735725545
    med: 0.0004729333997238183
    p90: 0.0016843892429473373
    p95: 0.0020796581730878616
    p99: 0.002757260217829849
    time-ms: 2928.360855
    invalid-values: false
