values:
    avg: 0.008197924777832977
    min: 0.000000002689561351
    max: 22.381107374438240498
    med: 0.000877958333713513
    p90: 0.003422173512404814
    p95: 0.004925233013234998
    p99: 0.164616052657487688
    time-ms: 1144.851280999999744381
    invalid-values: true
