values:
    avg: 0.00025994175782656194
    min: 0.0
    max: 0.005220308126585138
    med: 0.00011129200353277025
    p90: 0.0006800460469973957
    p95: 0.0009822801329552044
    p99: 0.0020146153216694662
    time-ms: 310.149044
    invalid-values: false
