values:
    avg: 0.016921379562343093
    min: 0.000000024196446402
    max: 43.388086790115423241
    med: 0.001848404613317700
    p90: 0.007792149994296116
    p95: 0.054692684352675380
    p99: 0.330978185959940663
    time-ms: 765.005010000000083892
    invalid-values: true
