values:
    avg: 0.039420740692126748
    min: 0.000000000000000000
    max: 15.319712598336518994
    med: 0.003445431101470442
    p90: 0.013465897522179970
    p95: 0.043448825252351830
    p99: 0.890327998290222578
    time-ms: 1207.387794099999837272
    invalid-values: true
