values:
    avg: 6.959577037302034e-05
    min: 0.0
    max: 0.005440760240003506
    med: 2.6157566039908264e-05
    p90: 0.0001773241163398609
    p95: 0.0002932389131504731
    p99: 0.0006143360427196543
    time-ms: 2419.9461960999993
    peak-memory-mb: 139
    invalid-values: false
