values:
    avg: 3.234535294262793e-05
    min: 0.0
    max: 0.00042479271054696177
    med: 1.759309194049319e-05
    p90: 8.05039340960878e-05
    p95: 0.00011376031690774058
    p99: 0.00020521451235450128
    time-ms: 359.409272
    peak-memory-mb: 209
    invalid-values: false
