values:
    avg: 0.0017360990575806608
    min: 0.0
    max: 0.009659858323970205
    med: 0.0011544780897321805
    p90: 0.0042561593248510166
    p95: 0.005206416331370534
    p99: 0.007067099677549038
    time-ms: 17.278737
    invalid-values: false
