values:
    avg: 0.004928385273249407
    min: 0.0
    max: 0.029320123903192163
    med: 0.0033648534801418717
    p90: 0.011758307436301518
    p95: 0.014736390676564626
    p99: 0.019628189848640898
    time-ms: 54.918475
    invalid-values: false
