values:
    avg: 0.0004945159725078123
    min: 0.0
    max: 0.009798828659518644
    med: 0.0002546978612725237
    p90: 0.0012161461144580277
    p95: 0.0017055341062882645
    p99: 0.003262399417220896
    time-ms: 128.403509
    invalid-values: false
