values:
    avg: 0.052716887250326458
    min: 0.000000022915516040
    max: 89.195168573278877489
    med: 0.003138155279370114
    p90: 0.078211407934063115
    p95: 0.229949078210918867
    p99: 0.999737913485655771
    time-ms: 119.855781000000007452
    invalid-values: true
