values:
    avg: 0.000495419628431984
    min: 0.0
    max: 0.014464823347716482
    med: 0.00025375201727456664
    p90: 0.0012139951430604201
    p95: 0.0017071209128552978
    p99: 0.0033094804404102396
    time-ms: 62.335301400000006
    invalid-values: false
