values:
    avg: 0.45654330744221455
    min: 0.0
    max: 0.8024482789805925
    med: 0.47719799773294136
    p90: 0.7204892808741994
    p95: 0.7546763672502766
    p99: 0.7915188184211307
    time-ms: 2407.5268015
    invalid-values: false
