values:
    avg: 1.1366222434825742e-05
    min: 0.0
    max: 0.0022827940858997087
    med: 4.149796352326263e-06
    p90: 2.8142832897870562e-05
    p95: 4.516718516911489e-05
    p99: 9.944662779559632e-05
    time-ms: 10437.172838200002
    invalid-values: false
