values:
    avg: 0.002313891321399230
    min: 0.000000000015703217
    max: 17.226956238111370112
    med: 0.000434462742444186
    p90: 0.001572140364729080
    p95: 0.001975870585145700
    p99: 0.002984678089915649
    time-ms: 12423.988057999999000458
    invalid-values: true
