values:
    avg: 0.008381061282204746
    min: 0.000000000000000000
    max: 221.861003272225815408
    med: 0.001090198698803002
    p90: 0.003997682390693647
    p95: 0.005142238175688041
    p99: 0.104154989880099413
    time-ms: 10171.276210200001514750
    invalid-values: true
