values:
    avg: 0.016944899806755849
    min: 0.000000036920892010
    max: 74.657167844985679039
    med: 0.002344837708942116
    p90: 0.008774660527584910
    p95: 0.011847954440822650
    p99: 0.328321788959725080
    time-ms: 732.522199700000101075
    invalid-values: true
