values:
    avg: 0.0034375607138019586
    min: 0.0
    max: 0.026037384805207342
    med: 0.0023128956072813733
    p90: 0.008223920737535195
    p95: 0.010284590268003324
    p99: 0.013820161792827634
    time-ms: 125.10702
    invalid-values: false
