values:
    avg: 0.002172971601816809
    min: 0.000000000342443629
    max: 30.250927026005559384
    med: 0.000329609897438854
    p90: 0.001235610222341976
    p95: 0.001631919605090904
    p99: 0.024710720469139164
    time-ms: 5257.597730600000431878
    invalid-values: true
