values:
    avg: 1.7183605435473915e-06
    min: 0.0
    max: 3.3676813002481154e-05
    med: 8.623875434876638e-07
    p90: 4.286514287410448e-06
    p95: 6.253911659870326e-06
    p99: 1.1868885208987656e-05
    time-ms: 75.453833
    invalid-values: false
