values:
    avg: 0.002135866441220076
    min: 0.000000000000000000
    max: 9.722021174262069465
    med: 0.000417177347557307
    p90: 0.001515213333044274
    p95: 0.001911095080808722
    p99: 0.002878294322963715
    time-ms: 43587.103830099993501790
    invalid-values: true
