values:
    avg: 1.0857534757570485e-05
    min: 0.0
    max: 0.0021427711388891657
    med: 4.128257169333516e-06
    p90: 2.7818388025901974e-05
    p95: 4.428271452172616e-05
    p99: 9.499865188167256e-05
    time-ms: 7598.164918
    invalid-values: false
