values:
    avg: 6.688259878697286e-05
    min: 0.0
    max: 0.0040506161950073505
    med: 2.445557289065814e-05
    p90: 0.00016640457329208935
    p95: 0.0002766002682852431
    p99: 0.0006005921693565952
    time-ms: 32.5164399
    invalid-values: false
