values:
    avg: 0.015703778389905769
    min: 0.000000000000000000
    max: 40.992263175207128256
    med: 0.002259218200207025
    p90: 0.008457849579809662
    p95: 0.011457765178188417
    p99: 0.312713818643437946
    time-ms: 2626.480952099999740312
    invalid-values: true
