values:
    avg: 0.0001916714813910047
    min: 0.0
    max: 0.003386386431941446
    med: 6.573812456395212e-05
    p90: 0.0005264557033914374
    p95: 0.0008482449582866147
    p99: 0.0016405946622053413
    time-ms: 751.248549
    peak-memory-mb: 668
    invalid-values: false
