values:
    avg: 0.48003472733658514
    min: 0.0
    max: 0.8024348036142761
    med: 0.5084923495181881
    p90: 0.721272419675611
    p95: 0.7548099694207266
    p99: 0.7913970293472539
    time-ms: 228.9161857
    invalid-values: false
